15929
286923
366119
968577
1089423
1112556
1126523
1174091
1183942
1195198
1200887
1203360
1203363
1206152
1206155
1206156
1206158
1206162
1206571
1207048
1207459
1207461
1207465
1207982
1207983
1207986
1209121
1209497
1209498
1209913
1209914
1210316
1210777
1210778
1210783
1210785
1211210
1211887
1211890
1211891
1211892
1212287
1212402
1213630
1213631
1214168
1214570
1223900
1233227
1233239
1239957
1256518
1327086
1362359
1370924
1386073
1392157
1392304
1392453
1394910
1410994
1456798
1458257
1459768
1491916
1494943
1501315
1504788
1526357
1539004
1557975
1609635
1610675
1611572
1613081
1644496
1644611
1644908
1656349
1657354
1663883
1669904
1670126
1671471
1676919
1681456
1681767
1681768
1681772
1681773
1681777
1681779
1681780
1681806
1681808
1681810
1681811
1681812
1681813
1681817
1681818
1681821
1681824
1681828
1681830
1681834
1681847
1681849
1681853
1681858
1681868
1681872
1681874
1681877
1681881
1681888
1681909
1681938
1681970
1681971
1681973
1681974
1681993
1681995
1682012
1682014
1682018
1682021
1682037
1682042
1682047
1682063
1682073
1682080
1682082
1682089
1682163
1682168
1682180
1682209
1682212
1682223
1682231
1682236
1682241
1682251
1682254
1682255
1682256
1682259
1682265
1682267
1682270
1682276
1682277
1682279
1682280
1682281
1682283
1682285
1682286
1682288
1682290
1682292
1682293
1682294
1682296
1682297
1682298
1682300
1682304
1682307
1682311
1682312
1682313
1682314
1682316
1682317
1682318
1682319
1682320
1682321
1682322
1682323
1682324
1682328
1682329
1682331
1682334
1682338
1682343
1682344
1682352
1682356
1682359
1682360
1682362
1682363
1682364
1682367
1682371
1682372
1682373
1682374
1682375
1682376
1682377
1682378
1682379
1682380
1682381
1682382
1682383
1682384
1682385
1682386
1682387
1682388
1682389
1682390
1682391
1682392
1682393
1682395
1682396
1682397
1682398
1682399
1682400
1682401
1682403
1682404
1682405
1682406
1682407
1682408
1682409
1682410
1682411
1682412
1682413
1682414
1682415
1682416
1682417
1682419
1682420
1682421
1682422
1682423
1682424
1682425
1682426
1682427
1682428
1682429
1682430
1682431
1682432
1682433
1682434
1682435
1682436
1682437
1682438
1682439
1682440
1682441
1682442
1682444
1682445
1682446
1682447
1682448
1682449
1682450
1682451
1682452
1682453
1682454
1682455
1682458
1682459
1682460
1682461
1682462
1682464
1682465
1682467
1682468
1682470
1682472
1682473
1682476
1682479
1682481
1682482
1682484
1682485
1682486
1682487
1682488
1682489
1682491
1682492
1682493
1682494
1682495
1682497
1682498
1682505
1682506
1682509
1682510
1682511
1682512
1682513
1682514
1682515
1682517
1682518
1682519
1682520
1682522
1682523
1682525
1682526
1682527
1682528
1682529
1682532
1682540
1682541
1682549
1682550
1682551
1682552
1682553
1682554
1682555
1682556
1682557
1682558
1682559
1682560
1682561
1682567
1682568
1682569
1682570
1682572
1682573
1682574
1682576
1682579
1682580
1682581
1682582
1682583
1682584
1682585
1682587
1682588
1682589
1682590
1682591
1682592
1682593
1682594
1682595
1682596
1682598
1682600
1682601
1682602
1682603
1682604
1682605
1682606
1682607
1682608
1682609
1682610
1682612
1682613
1682614
1682615
1682617
1682618
1682619
1682620
1682621
1682622
1682623
1682624
1682625
1682626
1682627
1682628
1682629
1682630
1682631
1682632
1682633
1682634
1682635
1682636
1682637
1682638
1682639
1682640
1682641
1682642
1682643
1682644
1682645
1682646
1682647
1682648
1682649
1682650
1682651
1682652
1682653
1682654
1682655
1682656
1682657
1682658
1682659
1682661
1682662
1682664
1682666
1682667
1682668
1682670
1682671
1682672
1682673
1682674
1682675
1682676
1682677
1682678
1682679
1682680
1682681
1682682
1682683
1682684
1682685
1682686
1682687
1682689
1682690
1682691
1682693
1682695
1682696
1682697
1682698
1682699
1682700
1682701
1682702
1682704
1682705
1682706
1682708
1682709
1682710
1682711
1682712
1682714
1682715
1682716
1682717
1682718
1682719
1682721
1682722
1682723
1682726
1682727
1682728
1682729
1682730
1682731
1682732
1682734
1682735
1682736
1682737
1682738
1682739
1682740
1682741
1682742
1682743
1682744
1682745
1682746
1682747
1682748
1682750
1682751
1682752
1682753
1682756
1682760
1682761
1682763
1682764
1682767
1682768
1682769
1682771
1682773
1682775
1682779
1682783
1682784
1682787
1682788
1682789
1682790
1682791
1682792
1682794
1682795
1682796
1682797
1682798
1682799
1682800
1682802
1682804
1682806
1682808
1682809
1682811
1682816
1682818
1682820
1682821
1682822
1682823
1682824
1682825
1682826
1682827
1682828
1682829
1682830
1682831
1682832
1682833
1682834
1682835
1682836
1682837
1682838
1682839
1682840
1682841
1682842
1682843
1682844
1682845
1682846
1682847
1682848
1682849
1682850
1682851
1682853
1682854
1682855
1682856
1682857
1682858
1682860
1682861
1682862
1682863
1682865
1682866
1682867
1682868
1682869
1682870
1682872
1682873
1682875
1682878
1682879
1682882
1682883
1682884
1682885
1682886
1682888
1682890
1682894
1682903
1682905
1682906
1682908
1682912
1682914
1682916
1682917
1682919
1682920
1682921
1682922
1682923
1682924
1682927
1682928
1682929
1682930
1682931
1682932
1682935
1682936
1682937
1682938
1682939
1682942
1682943
1682944
1682947
1682949
1682951
1682957
1682958
1682959
1682967
1682968
1682969
1682970
1682973
1682974
1682975
1682977
1682978
1682979
1682980
1682981
1682982
1682983
1682984
1682985
1682986
1682987
1682988
1682989
1682990
1682992
1682994
1682995
1682996
1682997
1683000
1683001
1683002
1683003
1683006
1683007
1683009
1683010
1683011
1683012
1683013
1683014
1683015
1683016
1683017
1683018
1683019
1683020
1683021
1683022
1683024
1683026
1683027
1683028
1683029
1683030
1683032
1683033
1683034
1683036
1683037
1683039
1683040
1683041
1683042
1683043
1683044
1683045
1683046
1683047
1683048
1683049
1683050
1683051
1683052
1683053
1683054
1683055
1683056
1683057
1683058
1683059
1683064
1683071
1683072
1683073
1683074
1683076
1683077
1683078
1683079
1683080
1683081
1683082
1683083
1683084
1683086
1683087
1683088
1683089
1683090
1683091
1683092
1683093
1683094
1683095
1683097
1683098
1683099
1683100
1683101
1683102
1683103
1683104
1683105
1683106
1683107
1683108
1683109
1683110
1683111
1683112
1683113
1683114
1683115
1683116
1683117
1683118
1683120
1683121
1683122
1683123
1683124
1683125
1683126
1683127
1683128
1683129
1683130
1683131
1683132
1683133
1683134
1683135
1683137
1683138
1683139
1683141
1683142
1683143
1683144
1683145
1683147
1683149
1683150
1683151
1683152
1683153
1683154
1683155
1683156
1683158
1683159
1683160
1683161
1683162
1683163
1683164
1683165
1683166
1683167
1683168
1683169
1683170
1683171
1683172
1683173
1683174
1683175
1683177
1683179
1683180
1683181
1683182
1683183
1683184
1683186
1683187
1683188
1683189
1683190
1683191
1683192
1683193
1683194
1683195
1683197
1683198
1683199
1683200
1683201
1683202
1683203
1683204
1683205
1683206
1683207
1683208
1683209
1683210
1683211
1683212
1683213
1683214
1683215
1683216
1683217
1683218
1683219
1683220
1683221
1683222
1683223
1683224
1683225
1683226
1683227
1683228
1683229
1683230
1683231
1683232
1683234
1683235
1683236
1683237
1683238
1683239
1683240
1683241
1683242
1683243
1683244
1683245
1683246
1683247
1683248
1683249
1683250
1683251
1683252
1683253
1683254
1683255
1683256
1683257
1683258
1683259
1683260
1683261
1683262
1683263
1683264
1683265
1683266
1683267
1683268
1683269
1683270
1683271
1683272
1683273
1683274
1683275
1683276
1683278
1683279
1683280
1683281
1683282
1683283
1683284
1683285
1683286
1683287
1683288
1683289
1683290
1683291
1683292
1683294
1683295
1683296
1683298
1683299
1683300
1683301
1683302
1683303
1683304
1683305
1683306
1683307
1683308
1683309
1683310
1683311
1683312
1683318
1683319
1683320
1683321
1683322
1683323
1683329
1683330
1683331
1683332
1683333
1683334
1683335
1683336
1683337
1683342
1683343
1683344
1683350
1683351
1683352
1683353
1683354
1683355
1683356
1683357
1683358
1683365
1683371
1683372
1683373
1683374
1683375
1683376
1683377
1683378
1683385
1683386
1683387
1683389
1683390
1683392
1683393
1683394
1683396
1683397
1683398
1683399
1683400
1683401
1683402
1683403
1683404
1683405
1683406
1683407
1683408
1683409
1683410
1683411
1683412
1683413
1683414
1683415
1683416
1683417
1683418
1683419
1683420
1683421
1683422
1683423
1683424
1683425
1683426
1683427
1683428
1683429
1683430
1683431
1683432
1683433
1683434
1683435
1683436
1683437
1683438
1683439
1683440
1683441
1683442
1683444
1683445
1683446
1683447
1683448
1683449
1683451
1683452
1683454
1683455
1683456
1683457
1683458
1683459
1683460
1683462
1683463
1683464
1683465
1683466
1683467
1683468
1683469
1683471
1683472
1683473
1683474
1683475
1683476
1683477
1683478
1683480
1683481
1683482
1683483
1683484
1683485
1683487
1683488
1683489
1683490
1683491
1683492
1683493
1683494
1683496
1683497
1683498
1683499
1683500
1683501
1683502
1683503
1683504
1683505
1683506
1683507
1683508
1683509
1683510
1683511
1683512
1683514
1683515
1683516
1683517
1683518
1683519
1683520
1683521
1683522
1683523
1683524
1683525
1683526
1683527
1683528
1683529
1683530
1683531
1683532
1683533
1683534
1683535
1683536
1683538
1683539
1683540
1683541
1683542
1683543
1683544
1683545
1683546
1683547
1683548
1683549
1683551
1683552
1683555
1683556
1683557
1683558
1683562
1683564
1683565
1683569
1683571
1683574
1683575
1683576
1683577
1683578
1683582
1683583
1683584
1683591
1683593
1683610
1683612
1683614
1683615
1683616
1683621
1683624
1683625
1683627
1683628
1683629
1683632
1683633
1683634
1683639
1683641
1683642
1683643
1683644
1683645
1683646
1683648
1683649
1683650
1683651
1683652
1683653
1683655
1683656
1683657
1683658
1683659
1683660
1683661
1683662
1683664
1683665
1683666
1683667
1683668
1683669
1683670
1683671
1683672
1683673
1683674
1683675
1683676
1683677
1683678
1683679
1683680
1683681
1683683
1683685
1683687
1683688
1683689
1683690
1683691
1683692
1683693
1683694
1683696
1683697
1683698
1683699
1683700
1683702
1683703
1683704
1683705
1683707
1683708
1683709
1683711
1683712
1683713
1683714
1683715
1683716
1683717
1683718
1683719
1683722
1683723
1683724
1683725
1683726
1683727
1683728
1683729
1683730
1683731
1683732
1683733
1683735
1683736
1683737
1683738
1683739
1683740
1683741
1683742
1683744
1683745
1683746
1683747
1683748
1683749
1683750
1683751
1683752
1683753
1683755
1683756
1683757
1683760
1683761
1683762
1683764
1683765
1683766
1683768
1683769
1683771
1683773
1683774
1683775
1683776
1683777
1683778
1683779
1683780
1683782
1683783
1683784
1683785
1683786
1683787
1683788
1683789
1683790
1683792
1683793
1683794
1683796
1683798
1683799
1683800
1683801
1683802
1683803
1683804
1683805
1683806
1683807
1683808
1683810
1683812
1683815
1683817
1683818
1683819
1683820
1683822
1683823
1683826
1683828
1683829
1683831
1683832
1683833
1683834
1683836
1683838
1683840
1683842
1683843
1683844
1683845
1683847
1683851
1683852
1683853
1683855
1683857
1683858
1683860
1683862
1683863
1683865
1683866
1683867
1683868
1683869
1683870
1683871
1683873
1683875
1683876
1683877
1683878
1683879
1683880
1683881
1683882
1683884
1683885
1683886
1683887
1683891
1683892
1683893
1683894
1683896
1683897
1683898
1683900
1683901
1683902
1683903
1683904
1683905
1683906
1683907
1683908
1683909
1683910
1683912
1683913
1683914
1683915
1683916
1683917
1683918
1683919
1683920
1683921
1683922
1683923
1683924
1683925
1683927
1683928
1683929
1683933
1683934
1683935
1683936
1683937
1683938
1683939
1683945
1683946
1683947
1683948
1683949
1683950
1683954
1683955
1683956
1683962
1683963
1683966
1683973
1683974
1683975
1683976
1683977
1683978
1683984
1683985
1683986
1683987
1683988
1683990
1683991
1683993
1683994
1683995
1683996
1683997
1683998
1683999
1684000
1684001
1684002
1684004
1684005
1684006
1684008
1684009
1684010
1684011
1684012
1684013
1684015
1684016
1684017
1684019
1684020
1684021
1684023
1684024
1684025
1684026
1684027
1684028
1684034
1684035
1684037
1684048
1684049
1684050
1684051
1684052
1684053
1684054
1684065
1684066
1684067
1684068
1684074
1684075
1684076
1684083
1684084
1684090
1684091
1684092
1684094
1684101
1684102
1684103
1684104
1684110
1684111
1684118
1684119
1684120
1684121
1684122
1684123
1684124
1684125
1684126
1684127
1684128
1684129
1684130
1684131
1684132
1684133
1684134
1684135
1684136
1684137
1684140
1684141
1684142
1684143
1684144
1684145
1684146
1684147
1684148
1684149
1684150
1684151
1684152
1684153
1684154
1684155
1684156
1684157
1684158
1684159
1684161
1684163
1684164
1684165
1684166
1684167
1684168
1684169
1684170
1684171
1684172
1684173
1684176
1684177
1684188
1684190
1684191
1684192
1684193
1684199
1684200
1684201
1684202
1684203
1684204
1684205
1684206
1684207
1684208
1684209
1684210
1684211
1684212
1684213
1684214
1684215
1684217
1684218
1684219
1684220
1684222
1684223
1684224
1684226
1684227
1684228
1684230
1684231
1684232
1684233
1684235
1684236
1684237
1684239
1684240
1684241
1684242
1684243
1684244
1684245
1684246
1684248
1684249
1684250
1684251
1684252
1684253
1684254
1684255
1684260
1684263
1684264
1684265
1684267
1684268
1684269
1684271
1684272
1684274
1684276
1684277
1684279
1684280
1684281
1684282
1684283
1684284
1684286
1684287
1684288
1684292
1684294
1684296
1684298
1684299
1684300
1684301
1684302
1684303
1684304
1684305
1684306
1684308
1684309
1684310
1684311
1684312
1684313
1684314
1684315
1684316
1684317
1684318
1684319
1684320
1684321
1684322
1684325
1684326
1684334
1684338
1684342
1684343
1684344
1684347
1684348
1684350
1684352
1684353
1684354
1684355
1684356
1684358
1684360
1684361
1684362
1684363
1684364
1684365
1684369
1684373
1684374
1684375
1684376
1684377
1684378
1684379
1684380
1684381
1684382
1684383
1684384
1684385
1684386
1684387
1684388
1684389
1684390
1684392
1684393
1684394
1684395
1684396
1684397
1684398
1684399
1684401
1684402
1684403
1684404
1684405
1684406
1684407
1684408
1684409
1684410
1684411
1684412
1684413
1684414
1684415
1684416
1684417
1684418
1684419
1684420
1684421
1684422
1684423
1684424
1684425
1684426
1684427
1684428
1684429
1684430
1684431
1684432
1684433
1684434
1684435
1684436
1684437
1684438
1684439
1684440
1684441
1684442
1684443
1684444
1684445
1684446
1684447
1684448
1684449
1684450
1684451
1684452
1684453
1684454
1684455
1684457
1684458
1684459
1684460
1684461
1684462
1684463
1684464
1684465
1684466
1684467
1684468
1684469
1684470
1684471
1684472
1684473
1684474
1684475
1684476
1684477
1684479
1684480
1684481
1684482
1684483
1684484
1684485
1684486
1684487
1684488
1684489
1684490
1684491
1684492
1684493
1684494
1684495
1684496
1684497
1684498
1684499
1684500
1684501
1684502
1684503
1684504
1684506
1684507
1684508
1684509
1684510
1684511
1684512
1684513
1684514
1684515
1684516
1684517
1684518
1684520
1684521
1684522
1684523
1684524
1684525
1684526
1684527
1684528
1684530
1684531
1684532
1684533
1684534
1684535
1684536
1684537
1684538
1684539
1684540
1684541
1684542
1684543
1684544
1684545
1684546
1684547
1684548
1684549
1684550
1684551
1684552
1684553
1684554
1684555
1684556
1684557
1684558
1684559
1684560
1684561
1684562
1684563
1684564
1684565
1684566
1684567
1684568
1684569
1684570
1684571
1684572
1684573
1684574
1684575
1684576
1684577
1684578
1684579
1684580
1684581
1684582
1684583
1684584
1684585
1684586
1684587
1684588
1684589
1684590
1684592
1684593
1684594
1684595
1684596
1684597
1684598
1684599
1684600
1684601
1684602
1684603
1684604
1684605
1684606
1684607
1684608
1684609
1684610
1684611
1684612
1684613
1684614
1684615
1684616
1684617
1684618
1684619
1684620
1684621
1684622
1684623
1684624
1684625
1684626
1684627
1684628
1684629
1684630
1684631
1684632
1684633
1684634
1684635
1684636
1684637
1684638
1684639
1684640
1684641
1684642
1684643
1684644
1684645
1684646
1684647
1684648
1684649
1684650
1684651
1684652
1684653
1684654
1684655
1684656
1684657
1684658
1684659
1684660
1684661
1684662
1684663
1684664
1684665
1684666
1684667
1684668
1684669
1684670
1684671
1684672
1684673
1684674
1684675
1684676
1684677
1684678
1684679
1684680
1684681
1684682
1684683
1684684
1684685
1684686
1684687
1684688
1684689
1684690
1684691
1684692
1684693
1684694
1684695
1684696
1684697
1684698
1684699
1684700
1684701
1684702
1684703
1684704
1684705
1684706
1684707
1684708
1684709
1684710
1684711
1684712
1684713
1684714
1684715
1684716
1684717
1684718
1684719
1684720
1684721
1684722
1684723
1684724
1684725
1684726
1684727
1684728
1684729
1684730
1684731
1684732
1684733
1684734
1684735
1684736
1684737
1684738
1684739
1684740
1684741
1684742
1684743
1684744
1684745
1684746
1684747
1684748
1684749
1684750
1684751
1684752
1684753
1684754
1684755
1684756
1684757
1684758
1684759
1684760
1684761
1684762
1684763
1684764
1684765
1684766
1684767
1684768
1684769
1684770
1684771
1684772
1684773
1684774
1684775
1684776
1684777
1684778
1684779
1684780
1684781
1684782
1684783
1684784
1684785
1684786
1684787
1684788
1684789
1684790
1684791
1684792
1684793
1684794
1684795
1684796
1684797
1684798
1684799
1684800
1684801
1684802
1684803
1684804
1684805
1684806
1684807
1684808
1684809
1684810
1684811
1684812
1684813
1684814
1684815
1684816
1684817
1684818
1684819
1684820
1684821
1684822
1684823
1684824
1684825
1684826
1684827
1684828
1684830
1684831
1684832
1684833
1684834
1684835
1684836
1684837
1684838
1684839
1684840
1684841
1684842
1684843
1684845
1684846
1684847
1684848
1684849
1684850
1684851
1684852
1684853
1684854
1684855
1684856
1684857
1684858
1684859
1684860
1684861
1684862
1684863
1684864
1684865
1684866
1684867
1684868
1684869
1684870
1684871
1684872
1684873
1684874
1684875
1684876
1684877
1684878
1684879
1684880
1684881
1684882
1684883
1684884
1684885
1684886
1684887
1684888
1684889
1684890
1684891
1684892
1684893
1684894
1684895
1684896
1684897
1684898
1684899
1684901
1684902
1684903
1684904
1684905
1684906
1684907
1684908
1684909
1684910
1684911
1684912
1684913
1684914
1684915
1684916
1684917
1684918
1684919
1684920
1684921
1684922
1684923
1684924
1684925
1684926
1684927
1684928
1684929
1684930
1684931
1684932
1684933
1684934
1684935
1684936
1684937
1684938
1684939
1684940
1684941
1684942
1684943
1684944
1684945
1684946
1684947
1684949
1684950
1684951
1684952
1684953
1684954
1684955
1684956
1684957
1684958
1684959
1684960
1684961
1684962
1684963
1684964
1684965
1684966
1684967
1684968
1684969
1684970
1684971
1684972
1684973
1684974
1684975
1684976
1684977
1684978
1684979
1684980
1684981
1684982
1684983
1684984
1684985
1684986
1684987
1684988
1684989
1684990
1684991
1684992
1684993
1684994
1684995
1684996
1684997
1684998
1685000
1685001
1685002
1685003
1685004
1685005
1685006
1685007
1685008
1685009
1685010
1685011
1685012
1685013
1685014
1685015
1685016
1685017
1685018
1685019
1685020
1685021
1685022
1685023
1685024
1685025
1685027
1685028
1685029
1685030
1685032
1685033
1685034
1685035
1685036
1685037
1685038
1685039
1685040
1685041
1685042
1685043
1685044
1685045
1685046
1685047
1685048
1685049
1685050
1685051
1685052
1685053
1685054
1685055
1685056
1685057
1685058
1685059
1685060
1685061
1685062
1685063
1685064
1685065
1685066
1685067
1685068
1685070
1685071
1685073
1685074
1685075
1685076
1685077
1685078
1685080
1685081
1685082
1685083
1685084
1685085
1685086
1685087
1685088
1685089
1685090
1685091
1685092
1685094
1685095
1685096
1685097
1685098
1685099
1685100
1685101
1685102
1685103
1685104
1685105
1685106
1685107
1685108
1685109
1685110
1685111
1685112
1685113
1685114
1685115
1685116
1685117
1685118
1685119
1685120
1685121
1685122
1685123
1685124
1685125
1685126
1685127
1685128
1685129
1685130
1685131
1685132
1685133
1685134
1685135
1685136
1685137
1685138
1685139
1685140
1685141
1685142
1685144
1685145
1685146
1685147
1685148
1685149
1685150
1685151
1685152
1685153
1685154
1685155
1685156
1685157
1685158
1685159
1685160
1685161
1685162
1685163
1685164
1685165
1685166
1685167
1685168
1685169
1685170
1685171
1685172
1685173
1685174
1685175
1685176
1685177
1685178
1685179
1685180
1685181
1685182
1685183
1685184
1685185
1685186
1685187
1685189
1685193
1685194
1685197
1685201
1685210
1685212
1685215
1685216
1685218
1685220
1685223
1685231
1685235
1685236
1685237
1685238
1685240
1685242
1685244
1685245
1685246
1685247
1685248
1685250
1685251
1685252
1685253
1685254
1685256
1685257
1685259
1685262
1685263
1685264
1685265
1685266
1685267
1685268
1685270
1685271
1685272
1685273
1685274
1685276
1685277
1685279
1685280
1685281
1685282
1685283
1685284
1685285
1685286
1685287
1685288
1685290
1685292
1685293
1685300
1685303
1685308
1685309
1685311
1685312
1685314
1685315
1685316
1685317
1685318
1685322
1685325
1685326
1685329
1685331
1685336
1685337
1685338
1685339
1685341
1685343
1685344
1685345
1685348
1685350
1685351
1685353
1685355
1685356
1685357
1685358
1685359
1685360
1685361
1685362
1685363
1685364
1685365
1685366
1685367
1685369
1685370
1685371
1685372
1685373
1685374
1685376
1685379
1685382
1685383
1685385
1685386
1685387
1685389
1685390
1685392
1685393
1685394
1685395
1685396
1685397
1685399
1685400
1685402
1685405
1685406
1685408
1685409
1685410
1685414
1685422
1685426
1685429
1685431
1685432
1685433
1685434
1685435
1685437
1685438
1685439
1685441
1685442
1685444
1685445
1685446
1685447
1685448
1685450
1685452
1685453
1685454
1685455
1685456
1685457
1685458
1685459
1685460
1685461
1685462
1685463
1685464
1685465
1685466
1685467
1685468
1685469
1685470
1685471
1685473
1685474
1685475
1685476
1685477
1685478
1685479
1685480
1685481
1685482
1685483
1685484
1685485
1685486
1685487
1685488
1685489
1685490
1685491
1685492
1685493
1685494
1685495
1685496
1685497
1685498
1685499
1685500
1685501
1685502
1685503
1685504
1685505
1685506
1685507
1685508
1685509
1685510
1685511
1685512
1685513
1685514
1685515
1685516
1685517
1685518
1685519
1685520
1685521
1685522
1685523
1685524
1685525
1685526
1685528
1685529
1685530
1685531
1685532
1685533
1685534
1685536
1685537
1685538
1685539
1685540
1685541
1685542
1685544
1685545
1685546
1685548
1685549
1685550
1685551
1685552
1685553
1685554
1685555
1685556
1685557
1685558
1685559
1685560
1685561
1685562
1685563
1685564
1685565
1685566
1685567
1685568
1685569
1685570
1685571
1685572
1685573
1685574
1685575
1685576
1685577
1685578
1685579
1685580
1685581
1685582
1685583
1685584
1685586
1685587
1685588
1685589
1685590
1685591
1685592
1685593
1685594
1685595
1685596
1685597
1685598
1685599
1685601
1685602
1685603
1685605
1685606
1685607
1685608
1685609
1685610
1685611
1685612
1685613
1685614
1685615
1685616
1685617
1685618
1685619
1685620
1685621
1685622
1685623
1685624
1685625
1685626
1685627
1685628
1685629
1685630
1685631
1685632
1685633
1685634
1685635
1685636
1685637
1685638
1685639
1685640
1685641
1685642
1685643
1685644
1685645
1685647
1685648
1685649
1685650
1685651
1685653
1685654
1685655
1685656
1685657
1685658
1685659
1685661
1685662
1685663
1685664
1685665
1685666
1685667
1685668
1685669
1685670
1685671
1685673
1685675
1685676
1685677
1685678
1685680
1685681
1685682
1685683
1685684
1685685
1685686
1685687
1685688
1685690
1685692
1685694
1685695
1685696
1685697
1685698
1685699
1685700
1685701
1685702
1685703
1685704
1685706
1685708
1685709
1685710
1685711
1685712
1685713
1685714
1685715
1685716
1685717
1685718
1685719
1685720
1685721
1685722
1685723
1685724
1685725
1685726
1685727
1685728
1685729
1685730
1685731
1685733
1685734
1685735
1685736
1685737
1685738
1685739
1685740
1685741
1685742
1685743
1685744
1685745
1685746
1685748
1685749
1685750
1685751
1685752
1685753
1685754
1685755
1685756
1685757
1685758
1685759
1685760
1685761
1685762
1685763
1685764
1685765
1685766
1685767
1685768
1685769
1685770
1685771
1685772
1685773
1685774
1685775
1685776
1685777
1685778
1685779
1685780
1685781
1685782
1685783
1685784
1685785
1685786
1685787
1685788
1685789
1685790
1685791
1685792
1685793
1685794
1685795
1685796
1685797
1685798
1685799
1685800
1685801
1685802
1685803
1685804
1685805
1685806
1685808
1685809
1685811
1685812
1685813
1685814
1685818
1685819
1685820
